[0, 1, 62, 67, 103, 109, 6, 54, 71, 84, 3, 85, 5, 50, 119, 112, 99, 101, 4, 80, 2, 46, 135, 130, 129, 144, 133, 128, 7, 78, 77, 94, 92, 97, 146, 10, 131, 140, 132, 13, 148, 134, 9, 57, 125, 139, 21, 65, 110, 136, 12, 82, 69, 100, 147, 138, 118, 113, 145, 8, 108, 105, 127, 121, 11]:::::::::::5.48013434180532
================================================
[0, 1, 0, 2, 46, 135, 130, 129, 144, 133, 128, 3, 85, 5, 50, 119, 6, 54, 71, 84, 120, 127, 121, 4, 80, 95, 91, 116, 8, 108, 136, 132, 7, 78, 77, 94, 92, 97, 146, 10, 131, 140, 134, 9, 57, 125, 139, 13, 148, 137, 122, 12, 82, 69, 100, 147, 138, 118, 113, 145, 15, 93, 109, 11]:::::::::::0.0012273448540243194
================================================
[0, 1, 0, 2, 46, 135, 130, 129, 144, 133, 128, 3, 85, 5, 50, 119, 6, 54, 71, 84, 120, 127, 121, 4, 80, 95, 91, 116, 8, 108, 136, 132, 7, 78, 77, 94, 92, 97, 146, 10, 131, 140, 134, 9, 57, 125, 139, 13, 148, 137, 122, 12, 82, 69, 100, 147, 138, 118, 113, 145, 15, 93, 109, 11]:::::::::::3.913215486757325E-15
================================================
[0, 1, 0, 2, 46, 135, 130, 129, 144, 133, 128, 3, 85, 5, 50, 119, 6, 54, 71, 84, 120, 127, 121, 4, 80, 95, 91, 116, 8, 108, 136, 132, 7, 78, 77, 94, 92, 97, 146, 10, 131, 140, 134, 9, 57, 125, 139, 13, 148, 137, 122, 12, 82, 69, 100, 147, 138, 118, 113, 145, 15, 93, 109, 11]:::::::::::6.08211300144838E-16
================================================
[0, 1, 0, 2, 46, 135, 130, 129, 144, 133, 128, 3, 85, 5, 50, 119, 6, 54, 71, 84, 120, 127, 121, 4, 80, 95, 91, 116, 8, 108, 136, 132, 7, 78, 77, 94, 92, 97, 146, 10, 131, 140, 134, 9, 57, 125, 139, 13, 148, 137, 122, 12, 82, 69, 100, 147, 138, 118, 113, 145, 15, 93, 109, 11]:::::::::::4.4650435792630265E-17
================================================
[0, 1, 0, 2, 46, 135, 130, 129, 144, 133, 128, 3, 85, 5, 50, 119, 6, 54, 71, 84, 120, 127, 121, 4, 80, 95, 91, 116, 8, 108, 136, 132, 7, 78, 77, 94, 92, 97, 146, 10, 131, 140, 134, 9, 57, 125, 139, 13, 148, 137, 122, 12, 82, 69, 100, 147, 138, 118, 113, 145, 15, 93, 109, 11]:::::::::::2.671278675593871E-17
================================================
[0, 1, 0, 2, 46, 135, 130, 129, 144, 133, 128, 3, 85, 5, 50, 119, 6, 54, 71, 84, 120, 127, 121, 4, 80, 95, 91, 116, 8, 108, 136, 132, 7, 78, 77, 94, 92, 97, 146, 10, 131, 140, 134, 9, 57, 125, 139, 13, 148, 137, 122, 12, 82, 69, 100, 147, 138, 118, 113, 145, 15, 93, 109, 11]:::::::::::7.904443542226468E-26
================================================
[0, 1, 0, 2, 46, 135, 130, 129, 144, 133, 128, 3, 85, 5, 50, 119, 6, 54, 71, 84, 120, 127, 121, 4, 80, 95, 91, 116, 8, 108, 136, 132, 7, 78, 77, 94, 92, 97, 146, 10, 131, 140, 134, 9, 57, 125, 139, 13, 148, 137, 122, 12, 82, 69, 100, 147, 138, 118, 113, 145, 15, 93, 109, 11]:::::::::::1.488716997126431E-28
================================================
[0, 1, 0, 2, 46, 135, 130, 129, 144, 133, 128, 3, 85, 5, 50, 119, 6, 54, 71, 84, 120, 127, 121, 4, 80, 95, 91, 116, 8, 108, 136, 132, 7, 78, 77, 94, 92, 97, 146, 10, 131, 140, 134, 9, 57, 125, 139, 13, 148, 137, 122, 12, 82, 69, 100, 147, 138, 118, 113, 145, 15, 93, 109, 11]:::::::::::6.705561870725223E-29
================================================
[0, 1, 0, 2, 46, 135, 130, 129, 144, 133, 128, 3, 85, 5, 50, 119, 6, 54, 71, 84, 120, 127, 121, 4, 80, 95, 91, 116, 8, 108, 136, 132, 7, 78, 77, 94, 92, 97, 146, 10, 131, 140, 134, 9, 57, 125, 139, 13, 148, 137, 122, 12, 82, 69, 100, 147, 138, 118, 113, 145, 15, 93, 109, 11]:::::::::::6.190851944959326E-36
================================================
